return {
5025998438,
9071132721,
9813752684,
3163160419,
3723849414,
9938562747,
1425613782,
7459844778,
7702682661,
7477769781,
7660537621,
3834464325,
7207494848,
8584720207,
9221527070,
2251644656,
3038344400,
3507083062,
8710320887,
2281505844,
7481200538,
4058852922,
3746592137,
154043211,
9936281359,
3808516463,
9972420314,
3198948382,
443142146,
2285385611,
1458055814,
4412947804,
2886132219,
2463382737,
1876596270,
8161069780,
7411239687,
9743634505,
1581801228,
3999735785,
9021936063,
1628161164,
1144545390,
7019624027,
2630263700,
7841661067,
4501249803,
9253619085,
2204376547,
2019581396,
3586025811,
3022937472, -- tiktok
3100952859,
7440885069,
7001161563,
723333448,
7028341214,
1532938001,
3095620236,
5250452149,
9462819789,
7286984039,
1888378124,
957666266,
8040706898,
8320315957,
9872362100,
3727812929,
4293423115,
1570950580,
7024988165, -- yo good
1615650123,
5059964329, -- 7
1050813437,
888937433,
8135914590,
8674691107,
931408140,
1404369965, -- gif
737482097,
7540458943,
8801101821,
1198895270,
4706089360,
8326464829,
2481319371,
3746592137,
4620985074,
7311204838,
444828687,
3230882467, -- regalo
911797163,
9375741894,
1966253304,
7358456255,
7077626801,
8276028343,
4878151501,
6104354696,
1061930531,
1885007865,
7733984244,
3768519816,
2279199751,
5604554375,
1585386024,
9298626930,
4105310119,
3176001533,
3209110293,
8565031843,
9449531457,
9472788928,
7932438906,
3133086669,
9104516799,
5406967720,
8704121452,
5632734735,
4372427240,
7081729628,
9075344911,
2830345242,
4922242062,
1772897917,
1279545498,
1405119019,
513743498,
8787125855,
9217930538,
1190729995,
7186675440,
9652005888,
2528586544,
5449911163,
8512679992,
2294400098,
    2452591000,
1997060312,
2766117445,
3732805049,
8755883511,
4514442648,
312419911,
    4163766139,
2222595167,
5197639280,
4390790854,
8775081541,
5836805935,
7426226075,
4326494247,
1662162275,
7644296188,
8553888740,
8175957256,
1895672052,
3442397654,
8597685489, --chang
6010246054,
3898511662,
2689328143,
4559416757,
1118200057,
2642557258,
2309593062,
2381528987,
8276923588,
98160041,
408044195,
2784663867,
5762885329,
5135481399,
7580328046,
8537221535,
7168873734,
7210672314,
2008867358,
876124001,
1973631121, --tijtok
2658629904, --tijtok
5131682345,
8414006129,
7997110540, -- tiktok
8283334444, --tiktok
6159974292,
10140008786
}
